#
# Number of atoms
#
        12
#
# The current total energy in Eh
#
    -12.421115007111
#
# The current gradient in Eh/bohr
#
       0.000003672364
       0.000002388567
      -0.000000421176
       0.000000663050
       0.000001207510
      -0.000003471129
      -0.000010244816
       0.000004069020
       0.000016807805
      -0.000002605138
      -0.000000983062
      -0.000008490779
       0.000003322753
      -0.000012414942
       0.000000173395
      -0.000005010736
       0.000001960248
      -0.000002540640
      -0.000001437694
       0.000006364166
      -0.000002589441
       0.000003021662
       0.000003451696
       0.000000522866
       0.000002506822
      -0.000001840394
       0.000000801765
       0.000008319025
      -0.000004606541
      -0.000000566689
       0.000002054842
       0.000000297728
       0.000001165508
      -0.000004262134
       0.000000106004
      -0.000001391485
#
# The atomic numbers and current coordinates in Bohr
#
   7     1.6241999   -1.3683068   -0.2888951
   5     2.7491625    1.1357287   -0.3108070
   7    -3.1650702    0.2563820   -0.3719655
   5    -0.9445497    0.2909422    1.2270750
   1    -3.1821092    1.3020601   -1.9571412
   1     2.5785520    2.3492472   -2.1561315
   1     4.2709867    1.6210713    1.2252723
   1     2.3145273   -2.7071151    0.8785538
   1     0.9784319   -2.1337509   -1.9134353
   1    -4.0755008   -1.3894711   -0.6433680
   1    -1.1172828   -0.7719530    3.1931735
   1    -0.0045769    2.3800307    1.4177607
